BasicInfo
6464 2013-10-11 2014-04-09
6849 2013-12-11 2014-06-09
6890 2013-11-22 2014-05-21
6948 2013-08-28 2014-02-24
6061 2013-03-15 2013-09-11

BalanceBeam
6464 2014-03-12 1 45.1869811024 2 10 5 10 4 6 1
6464 2014-03-12 2 43.5487176256 0 4 0 10 7 0 3
6464 2014-03-12 3 31.7900696657 9 10 4 4 5 10 5
6464 2014-03-12 4 49.3669221743 5 9 7 4 9 7 6
6464 2014-03-12 5 45.0148214879 9 10 0 5 8 3 2
6849 2014-04-16 1 34.3007628694 8 0 4 5 6 4 6
6849 2014-04-16 2 23.4049312472 3 4 6 8 10 4 10
6849 2014-04-16 3 38.3783769222 2 8 6 10 10 1 0
6849 2014-04-16 4 37.9030091582 3 0 5 4 6 0 5
6849 2014-04-16 5 39.4348365529 6 7 7 0 6 7 0

Weight
6464 2014-03-26 11.7657164748
6849 2014-04-12 12.3101783833
6890 2014-04-13 16.7272363541
6948 2014-01-23 17.7192874332
6061 2013-09-22 12.2568997125

TMaze
6890 2014-03-09 1 0.813191663818 0.421408262721
6890 2014-03-09 2 0.524325551188 0.243668515395
6890 2014-03-09 3 0.211108901502 0.472013962973
6890 2014-03-09 4 0.317490238723 0.86618041077
6890 2014-03-09 5 0.576568000819 0.98336634124
6948 2014-01-27 1 0.680350211985 0.162564093034
6948 2014-01-27 2 0.0444970109746 0.294931106304
6948 2014-01-27 3 0.282947419179 0.677072282731
6948 2014-01-27 4 0.172907042583 0.605753507725
6948 2014-01-27 5 0.992696709605 0.265856536213
6061 2013-09-04 1 0.759543741759 0.365420193881
6061 2013-09-04 2 0.659944368538 0.320119331558
6061 2013-09-04 3 0.909594306777 0.756507358011
6061 2013-09-04 4 0.606808735341 0.800058535602
6061 2013-09-04 5 0.83910843827 0.220296164124

SHB
6464 2014-01-29 1 36.8007961786 10 9 1
6464 2014-01-29 2 20.7136702773 3 10 2
6464 2014-01-29 3 52.2019398568 9 8 7
6464 2014-01-29 4 41.239765814 4 2 7
6464 2014-01-29 5 55.517178216 1 1 0

GNG
6464 2014-04-27 0.852831526689
6464 2014-03-17 0.10349264036
6464 2014-03-07 0.150177760389
6464 2014-04-09 0.874113172491
6464 2014-03-16 0.0568094100329