Weight
6178 2013-11-18 12.7375521516
6499 2013-12-25 13.6496173683
6764 2014-02-26 11.1835199039
6994 2013-05-09 14.0238898017
6541 2014-01-01 11.9165234093

TMaze
6178 2013-12-01 1 0.80922243874 0.0627892490829
6178 2013-12-01 2 0.615128568008 0.47081591475
6178 2013-12-01 3 0.00280955873827 0.0279462004974
6178 2013-12-01 4 0.0989789246613 0.861014248821
6178 2013-12-01 5 0.60820076572 0.752691141993
6499 2013-10-02 1 0.753220285709 0.222481458686
6499 2013-10-02 2 0.111607298415 0.253811721335
6499 2013-10-02 3 0.94403426691 0.425065630413
6499 2013-10-02 4 0.722840322925 0.267174113991
6499 2013-10-02 5 0.648164739983 0.442367746668
6764 2014-04-07 1 0.641005442878 0.617834612163
6764 2014-04-07 2 0.223200045918 0.0764751974017
6764 2014-04-07 3 0.967689397922 0.419750470799
6764 2014-04-07 4 0.843236019229 0.873969406881
6764 2014-04-07 5 0.729081390778 0.457508390283
6994 2013-05-01 1 0.991402113146 0.187513668339
6994 2013-05-01 2 0.0922726539841 0.571672826193
6994 2013-05-01 3 0.085713408569 0.667816358427
6994 2013-05-01 4 0.885761026349 0.625086140781
6994 2013-05-01 5 0.982814197075 0.678836145759
6541 2013-11-10 1 0.566078676842 0.529141575058
6541 2013-11-10 2 0.348600183275 0.875909196151
6541 2013-11-10 3 0.729164414255 0.697698705948
6541 2013-11-10 4 0.746607017057 0.715513822921
6541 2013-11-10 5 0.0615582764392 0.339074357918

SHB
6178 2014-01-24 1 41.2200718788 8 9 4
6178 2014-01-24 2 42.9157621068 9 0 8
6178 2014-01-24 3 38.1855208985 5 7 5
6178 2014-01-24 4 28.8603865715 9 6 3
6178 2014-01-24 5 35.0593144431 2 1 5
6499 2013-12-18 1 45.505224961 0 0 6
6499 2013-12-18 2 36.1366343712 7 1 1
6499 2013-12-18 3 56.9875640239 3 3 9
6499 2013-12-18 4 43.263750453 6 10 10
6499 2013-12-18 5 54.9301095157 5 5 8
6764 2014-05-04 1 24.068488862 6 1 8
6764 2014-05-04 2 53.1389057632 1 0 4
6764 2014-05-04 3 46.1438689526 5 7 1
6764 2014-05-04 4 56.8040804384 8 2 10
6764 2014-05-04 5 25.6917574221 0 5 3
6994 2013-05-16 1 44.9424071632 7 4 6
6994 2013-05-16 2 28.3536264581 5 0 10
6994 2013-05-16 3 58.1688133457 4 4 10
6994 2013-05-16 4 21.4769096837 2 4 1
6994 2013-05-16 5 45.6867163829 2 3 7
6541 2013-10-23 1 37.9845904554 2 3 8
6541 2013-10-23 2 20.1425253329 5 6 2
6541 2013-10-23 3 23.6979982069 6 2 7
6541 2013-10-23 4 54.3153267004 1 4 9
6541 2013-10-23 5 54.8702925157 1 10 7

GNG
6178 2014-01-03 0.895385165785
6178 2013-11-08 0.67687846467
6178 2013-11-16 0.751481733855
6178 2013-11-24 0.454013906798
6178 2013-10-31 0.110120946769
6499 2013-12-01 0.347673526044
6499 2013-11-12 0.563401138987
6499 2013-11-18 0.0404636755299
6499 2013-10-18 0.267969994124
6499 2013-09-25 0.616123864879
6764 2014-03-10 0.751520534638
6764 2014-03-26 0.532871301194
6764 2014-05-12 0.930205203158
6764 2014-04-03 0.415226506237
6764 2014-05-29 0.320105349115
6994 2013-06-26 0.310432772544
6994 2013-06-17 0.529255220876
6994 2013-05-13 0.494286652407
6994 2013-06-06 0.320796577414
6994 2013-07-19 0.0162061981113
6541 2013-12-01 0.404267136501
6541 2013-12-10 0.502236224775
6541 2013-11-29 0.64528422832
6541 2013-11-01 0.597084228357
6541 2014-01-01 0.0113442534829

BasicInfo
6178 2013-07-20 2014-01-16
6994 2013-01-18 2013-07-17
6764 2013-11-12 2014-05-11
6541 2013-07-07 2014-01-03
6499 2013-06-12 2013-12-09

BalanceBeam
6178 2013-12-20 1 37.532823454 0 8 5 10 4 3 2
6178 2013-12-20 2 29.6261983445 3 3 9 10 9 8 2
6178 2013-12-20 3 46.0161876673 10 2 4 3 7 5 3
6178 2013-12-20 4 35.8050519457 10 5 6 0 7 3 0
6178 2013-12-20 5 48.1764734033 7 3 3 8 0 6 5
6499 2013-12-21 1 23.576256991 9 4 0 3 6 7 0
6499 2013-12-21 2 24.0183166681 9 6 1 4 7 8 8
6499 2013-12-21 3 28.361792686 4 9 1 7 1 1 1
6499 2013-12-21 4 23.6375390923 3 8 3 10 9 4 7
6499 2013-12-21 5 36.2009745721 1 1 6 3 8 10 0
6764 2014-03-24 1 47.5524571083 4 2 2 6 6 10 7
6764 2014-03-24 2 22.8165827559 8 7 8 10 3 10 10
6764 2014-03-24 3 38.4800387602 5 7 0 10 6 1 1
6764 2014-03-24 4 38.3593057172 3 3 2 1 8 10 9
6764 2014-03-24 5 32.4134170957 3 0 2 5 9 3 6
6994 2013-06-12 1 31.8986082765 8 3 3 0 9 4 9
6994 2013-06-12 2 20.4602377126 7 10 2 10 10 0 0
6994 2013-06-12 3 33.9334164776 1 9 9 6 3 1 3
6994 2013-06-12 4 40.5353133274 10 1 3 4 8 1 8
6994 2013-06-12 5 39.2212255922 8 2 9 1 0 7 9
6541 2014-01-22 1 49.7181862046 2 0 6 8 8 0 5
6541 2014-01-22 2 45.6559263471 2 6 4 7 7 7 1
6541 2014-01-22 3 46.5935595226 2 0 9 8 0 7 8
6541 2014-01-22 4 38.4127777953 4 0 3 1 4 6 8
6541 2014-01-22 5 48.9962757345 8 0 10 10 3 1 0
